%File: MA_CRP_09032023.CRS
%DIDACTA Italia:
%Exercise on: C.R.P. OpenLoop

%Test Date: 05/09/2000   User:                               

%Test #: 0

%Sample Rate: 1 s

%Notes: 


%----------
% #       time  Out.Sig  Act.Sig    Noise       SP      
%        [sec]      [%]      [%]      [%]      [%]      
000       1.0     55.3      0.0      0.0     50.0
001       2.0     55.3      0.0      0.0     50.0
002       3.0     55.4      0.0      0.0     50.0
003       4.0     55.4      0.0      0.0     50.0
004       5.0     55.4      0.0      0.0     50.0
005       6.0     55.3      0.0      0.0     50.0
006       7.0     55.5      0.0      0.0     50.0
007       8.0     55.3      0.0      0.0     50.0
008       9.0     55.4      0.0      0.0     50.0
009      10.0     55.5      0.0      0.0     50.0
010      11.0     55.4      0.0      0.0     50.0
011      12.0     55.5      0.0      0.0     50.0
012      13.0     55.4      0.0      0.0     50.0
013      14.0     55.4      0.0      0.0     50.0
014      15.0     55.5      0.0      0.0     50.0
015      16.0     55.5      0.0      0.0     50.0
016      17.0     55.4      0.0      0.0     50.0
017      18.0     55.4      0.0      0.0     50.0
018      19.0     55.5      0.0      0.0     50.0
019      20.0     55.4      0.0      0.0     50.0
020      21.0     55.5      0.0      0.0     50.0
021      22.0     55.5      0.0      0.0     50.0
022      23.0     55.5      0.0      0.0     50.0
023      24.0     55.6      0.0      0.0     50.0
024      25.0     55.6      0.0      0.0     50.0
025      26.0     55.5      0.0      0.0     50.0
026      27.0     55.6      0.0      0.0     50.0
027      28.0     55.6      0.0      0.0     50.0
028      29.0     55.6      0.0      0.0     50.0
029      30.0     55.6      0.0      0.0     50.0
030      31.0     55.6      0.0      0.0     50.0
031      32.0     55.6      0.0      0.0     50.0
032      33.0     55.5      0.0      0.0     50.0
033      34.0     55.7      0.0      0.0     50.0
034      35.0     55.6      0.0      0.0     50.0
035      36.0     55.6      0.0      0.0     50.0
036      37.0     55.8      0.0      0.0     50.0
037      38.0     55.7      0.0      0.0     50.0
038      39.0     55.8      0.0      0.0     50.0
039      40.0     55.7      0.0      0.0     50.0
040      41.0     55.7      0.0      0.0     50.0
041      42.0     55.7      0.0      0.0     50.0
042      43.0     55.8      0.0      0.0     50.0
043      44.0     55.6      0.0      0.0     50.0
044      45.0     55.7      0.0      0.0     50.0
045      46.0     55.6      0.0      0.0     50.0
046      47.0     55.7      0.0      0.0     50.0
047      48.0     55.8      0.0      0.0     50.0
048      49.0     55.7      0.0      0.0     50.0
049      50.0     55.8     20.0      0.0     50.0
050      51.0     55.7     20.0      0.0     50.0
051      52.0     55.8     20.0      0.0     50.0
052      53.0     55.7     20.0      0.0     50.0
053      54.0     55.7     20.0      0.0     50.0
054      55.0     55.7     20.0      0.0     50.0
055      56.0     55.7     20.0      0.0     50.0
056      57.0     55.6     20.0      0.0     50.0
057      58.0     55.8     20.0      0.0     50.0
058      59.0     55.7     20.0      0.0     50.0
059      60.0     55.9     20.0      0.0     50.0
060      61.0     55.9     20.0      0.0     50.0
061      62.0     55.7     20.0      0.0     50.0
062      63.0     55.9     20.0      0.0     50.0
063      64.0     55.8     20.0      0.0     50.0
064      65.0     55.8     20.0      0.0     50.0
065      66.0     55.8     20.0      0.0     50.0
066      67.0     55.9     20.0      0.0     50.0
067      68.0     55.8     20.0      0.0     50.0
068      69.0     55.8     20.0      0.0     50.0
069      70.0     55.9     20.0      0.0     50.0
070      71.0     56.0     20.0      0.0     50.0
071      72.0     55.8     20.0      0.0     50.0
072      73.0     55.9     20.0      0.0     50.0
073      74.0     56.0     20.0      0.0     50.0
074      75.0     55.9     20.0      0.0     50.0
075      76.0     55.8     20.0      0.0     50.0
076      77.0     55.9     20.0      0.0     50.0
077      78.0     55.8     20.0      0.0     50.0
078      79.0     56.0     20.0      0.0     50.0
079      80.0     55.9     20.0      0.0     50.0
080      81.0     55.9     20.0      0.0     50.0
081      82.0     56.0     20.0      0.0     50.0
082      83.0     54.0     20.0      0.0     50.0
083      84.0     51.0     20.0      0.0     50.0
084      85.0     50.4     20.0      0.0     50.0
085      86.0     51.5     20.0      0.0     50.0
086      87.0     52.4     20.0      0.0     50.0
087      88.0     52.3     20.0      0.0     50.0
088      89.0     52.1     20.0      0.0     50.0
089      90.0     51.9     20.0      0.0     50.0
090      91.0     51.8     20.0      0.0     50.0
091      92.0     51.5     20.0      0.0     50.0
092      93.0     51.5     20.0      0.0     50.0
093      94.0     51.5     20.0      0.0     50.0
094      95.0     51.4     20.0      0.0     50.0
095      96.0     51.3     20.0      0.0     50.0
096      97.0     51.3     20.0      0.0     50.0
097      98.0     51.2     20.0      0.0     50.0
098      99.0     51.2     20.0      0.0     50.0
099     100.0     51.2     20.0      0.0     50.0
100     101.0     51.0     20.0      0.0     50.0
101     102.0     51.2     20.0      0.0     50.0
102     103.0     51.2     20.0      0.0     50.0
103     104.0     51.0     20.0      0.0     50.0
104     105.0     51.0     20.0      0.0     50.0
105     106.0     51.0     20.0      0.0     50.0
106     107.0     51.0     20.0      0.0     50.0
107     108.0     51.0     20.0      0.0     50.0
108     109.0     51.0     20.0      0.0     50.0
109     110.0     50.9     20.0      0.0     50.0
110     111.0     51.0     20.0      0.0     50.0
111     112.0     50.9     20.0      0.0     50.0
112     113.0     51.0     20.0      0.0     50.0
113     114.0     51.0     20.0      0.0     50.0
114     115.0     51.0     20.0      0.0     50.0
115     116.0     51.0     20.0      0.0     50.0
116     117.0     51.0     20.0      0.0     50.0
117     118.0     50.9     20.0      0.0     50.0
118     119.0     51.0     20.0      0.0     50.0
119     120.0     51.0     20.0      0.0     50.0
120     121.0     50.9     20.0      0.0     50.0
121     122.0     51.1     20.0      0.0     50.0
122     123.0     51.0     20.0      0.0     50.0
123     124.0     50.8     20.0      0.0     50.0
124     125.0     51.0     20.0      0.0     50.0
125     126.0     51.0     20.0      0.0     50.0
126     127.0     51.0     20.0      0.0     50.0
127     128.0     50.9     20.0      0.0     50.0
128     129.0     50.9     20.0      0.0     50.0
129     130.0     51.0     20.0      0.0     50.0
130     131.0     51.0     20.0      0.0     50.0
131     132.0     50.9     20.0      0.0     50.0
132     133.0     51.1     20.0      0.0     50.0
133     134.0     51.0     20.0      0.0     50.0
134     135.0     51.0     20.0      0.0     50.0
135     136.0     50.9     20.0      0.0     50.0
136     137.0     50.9     20.0      0.0     50.0
137     138.0     50.9     20.0      0.0     50.0
138     139.0     50.9     20.0      0.0     50.0
139     140.0     51.0     20.0      0.0     50.0
140     141.0     50.9     20.0      0.0     50.0
141     142.0     51.1     20.0      0.0     50.0
142     143.0     51.0     20.0      0.0     50.0
143     144.0     51.0     20.0      0.0     50.0
144     145.0     51.0     20.0      0.0     50.0
145     146.0     51.1     20.0      0.0     50.0
146     147.0     50.9     20.0      0.0     50.0
147     148.0     51.0     20.0      0.0     50.0
148     149.0     50.9     20.0      0.0     50.0
149     150.0     51.0     20.0      0.0     50.0
150     151.0     51.0     20.0      0.0     50.0
151     152.0     51.0     20.0      0.0     50.0
152     153.0     50.9     20.0      0.0     50.0
153     154.0     51.0     20.0      0.0     50.0
154     155.0     50.9     20.0      0.0     50.0
155     156.0     50.9     20.0      0.0     50.0
156     157.0     51.0     20.0      0.0     50.0
157     158.0     51.0     20.0      0.0     50.0
158     159.0     51.0     20.0      0.0     50.0
159     160.0     51.1     20.0      0.0     50.0
160     161.0     50.8     20.0      0.0     50.0
161     162.0     50.9     20.0      0.0     50.0
162     163.0     50.9     20.0      0.0     50.0
163     164.0     50.9     20.0      0.0     50.0
164     165.0     50.9     20.0      0.0     50.0
165     166.0     50.9     20.0      0.0     50.0
166     167.0     51.0     20.0      0.0     50.0
167     168.0     51.0     20.0      0.0     50.0
168     169.0     51.0     20.0      0.0     50.0
169     170.0     50.9     20.0      0.0     50.0
170     171.0     50.9     20.0      0.0     50.0
171     172.0     50.9     20.0      0.0     50.0
172     173.0     50.9     20.0      0.0     50.0
173     174.0     51.0     20.0      0.0     50.0
174     175.0     50.9     20.0      0.0     50.0
175     176.0     51.0     20.0      0.0     50.0
176     177.0     50.9     20.0      0.0     50.0
177     178.0     51.0     20.0      0.0     50.0
178     179.0     50.9     20.0      0.0     50.0
179     180.0     51.0     20.0      0.0     50.0
180     181.0     51.0     20.0      0.0     50.0
181     182.0     51.0     20.0      0.0     50.0
182     183.0     50.9     20.0      0.0     50.0
183     184.0     51.0     20.0      0.0     50.0
184     185.0     51.0     20.0      0.0     50.0
185     186.0     51.0     20.0      0.0     50.0
186     187.0     51.1     20.0      0.0     50.0
187     188.0     50.9     20.0      0.0     50.0
188     189.0     50.9     20.0      0.0     50.0
189     190.0     50.9     20.0      0.0     50.0
190     191.0     51.0     20.0      0.0     50.0
191     192.0     51.0     20.0      0.0     50.0
192     193.0     51.0     20.0      0.0     50.0
193     194.0     50.9     20.0      0.0     50.0
194     195.0     50.9     20.0      0.0     50.0
195     196.0     50.9     20.0      0.0     50.0
196     197.0     51.0     20.0      0.0     50.0
197     198.0     51.0     20.0      0.0     50.0
198     199.0     51.0     20.0      0.0     50.0
199     200.0     51.1     20.0      0.0     50.0
200     201.0     51.0     20.0      0.0     50.0
201     202.0     51.1     20.0      0.0     50.0
202     203.0     50.9     20.0      0.0     50.0
203     204.0     50.9     20.0      0.0     50.0
204     205.0     51.0     20.0      0.0     50.0
205     206.0     50.9     20.0      0.0     50.0
206     207.0     50.9     20.0      0.0     50.0
207     208.0     51.1     20.0      0.0     50.0
208     209.0     50.9     20.0      0.0     50.0
209     210.0     50.9     20.0      0.0     50.0
210     211.0     51.0     20.0      0.0     50.0
211     212.0     50.9     20.0      0.0     50.0
212     213.0     50.9     20.0      0.0     50.0
213     214.0     50.9     20.0      0.0     50.0
214     215.0     51.0     20.0      0.0     50.0
215     216.0     50.9     20.0      0.0     50.0
216     217.0     50.8     20.0      0.0     50.0
217     218.0     50.9     20.0      0.0     50.0
218     219.0     51.0     20.0      0.0     50.0
219     220.0     51.0     20.0      0.0     50.0
220     221.0     50.9     20.0      0.0     50.0
221     222.0     50.8     20.0      0.0     50.0
222     223.0     50.8     20.0      0.0     50.0
223     224.0     50.8     20.0      0.0     50.0
224     225.0     50.9     20.0      0.0     50.0
225     226.0     50.7     20.0      0.0     50.0
226     227.0     50.8     20.0      0.0     50.0
227     228.0     50.8     20.0      0.0     50.0
228     229.0     50.8     20.0      0.0     50.0
229     230.0     50.7     20.0      0.0     50.0
230     231.0     50.8     20.0      0.0     50.0
231     232.0     50.8     20.0      0.0     50.0
232     233.0     50.8     20.0      0.0     50.0
233     234.0     50.8     20.0      0.0     50.0
234     235.0     50.7     20.0      0.0     50.0
235     236.0     50.8     20.0      0.0     50.0
236     237.0     50.7     20.0      0.0     50.0
237     238.0     50.7     20.0      0.0     50.0
238     239.0     50.7     20.0      0.0     50.0
239     240.0     50.7     20.0      0.0     50.0
240     241.0     50.8     20.0      0.0     50.0
241     242.0     50.6     20.0      0.0     50.0
242     243.0     50.8     20.0      0.0     50.0
243     244.0     50.8     20.0      0.0     50.0
244     245.0     50.6     20.0      0.0     50.0
245     246.0     50.8     20.0      0.0     50.0
246     247.0     50.8     20.0      0.0     50.0
247     248.0     50.8     20.0      0.0     50.0
248     249.0     50.6     20.0      0.0     50.0
249     250.0     50.7     20.0      0.0     50.0
250     251.0     50.7     20.0      0.0     50.0
251     252.0     50.7     20.0      0.0     50.0
252     253.0     50.6     20.0      0.0     50.0
253     254.0     50.7     20.0      0.0     50.0
254     255.0     50.8     20.0      0.0     50.0
255     256.0     50.7     20.0      0.0     50.0
256     257.0     50.5     20.0      0.0     50.0
257     258.0     50.6     20.0      0.0     50.0
258     259.0     50.6     20.0      0.0     50.0
259     260.0     50.8     20.0      0.0     50.0
260     261.0     50.6     20.0      0.0     50.0
261     262.0     50.6     20.0      0.0     50.0
262     263.0     50.6     20.0      0.0     50.0
263     264.0     50.6     20.0      0.0     50.0
264     265.0     50.7     20.0      0.0     50.0
265     266.0     50.6     20.0      0.0     50.0
266     267.0     50.6     20.0      0.0     50.0
267     268.0     50.7     20.0      0.0     50.0
268     269.0     50.6     20.0      0.0     50.0
269     270.0     50.7     20.0      0.0     50.0
270     271.0     50.6     20.0      0.0     50.0
271     272.0     50.7     20.0      0.0     50.0
272     273.0     50.7     20.0      0.0     50.0
273     274.0     50.7     20.0      0.0     50.0
274     275.0     50.6     20.0      0.0     50.0
275     276.0     50.7     20.0      0.0     50.0
276     277.0     50.7     20.0      0.0     50.0
277     278.0     50.7     20.0      0.0     50.0
278     279.0     50.7     20.0      0.0     50.0
279     280.0     50.6     20.0      0.0     50.0
280     281.0     50.6     20.0      0.0     50.0
281     282.0     50.6     20.0      0.0     50.0
282     283.0     50.7     20.0      0.0     50.0
283     284.0     50.6     20.0      0.0     50.0
284     285.0     50.9     20.0      0.0     50.0
285     286.0     50.6     20.0      0.0     50.0
286     287.0     50.5     25.0      0.0     50.0
287     288.0     50.8     25.0      0.0     50.0
288     289.0     50.6     25.0      0.0     50.0
289     290.0     50.8     25.0      0.0     50.0
290     291.0     50.8     25.0      0.0     50.0
291     292.0     50.7     25.0      0.0     50.0
292     293.0     50.7     25.0      0.0     50.0
293     294.0     50.7     25.0      0.0     50.0
294     295.0     50.7     25.0      0.0     50.0
295     296.0     50.7     25.0      0.0     50.0
296     297.0     50.8     25.0      0.0     50.0
297     298.0     50.6     25.0      0.0     50.0
298     299.0     50.6     25.0      0.0     50.0
299     300.0     50.6     25.0      0.0     50.0
300     301.0     50.8     25.0      0.0     50.0
301     302.0     50.6     25.0      0.0     50.0
302     303.0     50.6     25.0      0.0     50.0
303     304.0     50.8     25.0      0.0     50.0
304     305.0     50.7     25.0      0.0     50.0
305     306.0     50.7     25.0      0.0     50.0
306     307.0     50.5     25.0      0.0     50.0
307     308.0     50.6     25.0      0.0     50.0
308     309.0     50.8     25.0      0.0     50.0
309     310.0     50.7     25.0      0.0     50.0
310     311.0     50.7     25.0      0.0     50.0
311     312.0     50.7     25.0      0.0     50.0
312     313.0     50.7     25.0      0.0     50.0
313     314.0     50.7     25.0      0.0     50.0
314     315.0     50.7     25.0      0.0     50.0
315     316.0     50.7     25.0      0.0     50.0
316     317.0     50.7     25.0      0.0     50.0
317     318.0     50.7     25.0      0.0     50.0
318     319.0     50.6     25.0      0.0     50.0
319     320.0     50.6     25.0      0.0     50.0
320     321.0     50.7     25.0      0.0     50.0
321     322.0     50.7     25.0      0.0     50.0
322     323.0     50.8     25.0      0.0     50.0
323     324.0     50.7     25.0      0.0     50.0
324     325.0     50.7     25.0      0.0     50.0
325     326.0     50.7     25.0      0.0     50.0
326     327.0     50.7     25.0      0.0     50.0
327     328.0     50.8     25.0      0.0     50.0
328     329.0     50.8     25.0      0.0     50.0
329     330.0     50.8     25.0      0.0     50.0
330     331.0     50.6     25.0      0.0     50.0
331     332.0     50.7     25.0      0.0     50.0
332     333.0     50.7     25.0      0.0     50.0
333     334.0     50.7     25.0      0.0     50.0
334     335.0     50.6     25.0      0.0     50.0
335     336.0     50.8     25.0      0.0     50.0
336     337.0     50.7     25.0      0.0     50.0
337     338.0     50.8     25.0      0.0     50.0
338     339.0     50.7     25.0      0.0     50.0
339     340.0     50.8     25.0      0.0     50.0
340     341.0     50.8     25.0      0.0     50.0
341     342.0     50.7     25.0      0.0     50.0
342     343.0     50.7     25.0      0.0     50.0
343     344.0     50.7     25.0      0.0     50.0
344     345.0     50.7     25.0      0.0     50.0
345     346.0     50.7     25.0      0.0     50.0
346     347.0     50.7     25.0      0.0     50.0
347     348.0     50.8     25.0      0.0     50.0
348     349.0     50.8     25.0      0.0     50.0
349     350.0     50.7     30.0      0.0     50.0
350     351.0     45.0     30.0      0.0     50.0
351     352.0     39.7     30.0      0.0     50.0
352     353.0     36.1     30.0      0.0     50.0
353     354.0     33.2     30.0      0.0     50.0
354     355.0     31.2     30.0      0.0     50.0
355     356.0     29.5     30.0      0.0     50.0
356     357.0     28.3     30.0      0.0     50.0
357     358.0     27.2     30.0      0.0     50.0
358     359.0     26.4     30.0      0.0     50.0
359     360.0     25.6     30.0      0.0     50.0
360     361.0     25.2     30.0      0.0     50.0
361     362.0     24.6     30.0      0.0     50.0
362     363.0     24.2     30.0      0.0     50.0
363     364.0     23.9     30.0      0.0     50.0
364     365.0     23.6     30.0      0.0     50.0
365     366.0     23.2     30.0      0.0     50.0
366     367.0     23.2     30.0      0.0     50.0
367     368.0     22.9     30.0      0.0     50.0
368     369.0     22.9     30.0      0.0     50.0
369     370.0     22.8     30.0      0.0     50.0
370     371.0     22.7     30.0      0.0     50.0
371     372.0     22.7     30.0      0.0     50.0
372     373.0     22.6     30.0      0.0     50.0
373     374.0     22.5     30.0      0.0     50.0
374     375.0     22.3     30.0      0.0     50.0
375     376.0     22.5     30.0      0.0     50.0
376     377.0     22.4     30.0      0.0     50.0
377     378.0     22.4     30.0      0.0     50.0
378     379.0     22.4     30.0      0.0     50.0
379     380.0     22.2     30.0      0.0     50.0
380     381.0     22.3     30.0      0.0     50.0
381     382.0     22.2     30.0      0.0     50.0
382     383.0     22.3     30.0      0.0     50.0
383     384.0     22.3     30.0      0.0     50.0
384     385.0     22.3     30.0      0.0     50.0
385     386.0     22.3     30.0      0.0     50.0
386     387.0     22.2     30.0      0.0     50.0
387     388.0     22.2     30.0      0.0     50.0
388     389.0     22.2     30.0      0.0     50.0
389     390.0     22.2     30.0      0.0     50.0
390     391.0     22.1     30.0      0.0     50.0
391     392.0     22.1     30.0      0.0     50.0
392     393.0     22.2     30.0      0.0     50.0
393     394.0     22.2     30.0      0.0     50.0
394     395.0     22.0     30.0      0.0     50.0
395     396.0     22.2     30.0      0.0     50.0
396     397.0     22.1     30.0      0.0     50.0
397     398.0     22.1     30.0      0.0     50.0
398     399.0     22.2     30.0      0.0     50.0
399     400.0     22.0     30.0      0.0     50.0
400     401.0     22.2     30.0      0.0     50.0
401     402.0     22.1     30.0      0.0     50.0
402     403.0     22.1     30.0      0.0     50.0
403     404.0     22.1     30.0      0.0     50.0
404     405.0     22.1     30.0      0.0     50.0
405     406.0     22.1     30.0      0.0     50.0
406     407.0     22.0     30.0      0.0     50.0
407     408.0     22.1     30.0      0.0     50.0
408     409.0     22.0     30.0      0.0     50.0
409     410.0     21.9     30.0      0.0     50.0
410     411.0     22.1     30.0      0.0     50.0
411     412.0     22.0     30.0      0.0     50.0
412     413.0     22.0     30.0      0.0     50.0
413     414.0     21.9     30.0      0.0     50.0
414     415.0     22.1     30.0      0.0     50.0
415     416.0     22.0     30.0      0.0     50.0
416     417.0     22.1     30.0      0.0     50.0
417     418.0     21.9     30.0      0.0     50.0
418     419.0     21.9     30.0      0.0     50.0
419     420.0     22.0     30.0      0.0     50.0
420     421.0     21.8     30.0      0.0     50.0
421     422.0     21.9     30.0      0.0     50.0
422     423.0     22.0     30.0      0.0     50.0
423     424.0     21.9     30.0      0.0     50.0
424     425.0     21.9     30.0      0.0     50.0
425     426.0     22.0     30.0      0.0     50.0
426     427.0     21.9     30.0      0.0     50.0
427     428.0     22.1     30.0      0.0     50.0
428     429.0     22.0     30.0      0.0     50.0
429     430.0     21.9     30.0      0.0     50.0
430     431.0     22.0     30.0      0.0     50.0
431     432.0     21.9     30.0      0.0     50.0
432     433.0     21.9     30.0      0.0     50.0
433     434.0     22.0     30.0      0.0     50.0
434     435.0     21.9     30.0      0.0     50.0
435     436.0     21.9     30.0      0.0     50.0
436     437.0     21.9     30.0      0.0     50.0
437     438.0     22.0     30.0      0.0     50.0
438     439.0     21.9     30.0      0.0     50.0
439     440.0     21.8     30.0      0.0     50.0
440     441.0     21.9     30.0      0.0     50.0
441     442.0     21.8     30.0      0.0     50.0
442     443.0     21.9     30.0      0.0     50.0
443     444.0     21.9     30.0      0.0     50.0
444     445.0     21.9     30.0      0.0     50.0
445     446.0     22.0     30.0      0.0     50.0
446     447.0     21.8     30.0      0.0     50.0
447     448.0     22.0     30.0      0.0     50.0
448     449.0     21.9     30.0      0.0     50.0
449     450.0     21.7     30.0      0.0     50.0
450     451.0     21.8     30.0      0.0     50.0
451     452.0     21.9     30.0      0.0     50.0
452     453.0     21.9     30.0      0.0     50.0
453     454.0     21.7     30.0      0.0     50.0
454     455.0     21.8     30.0      0.0     50.0
455     456.0     21.8     30.0      0.0     50.0
456     457.0     21.9     30.0      0.0     50.0
457     458.0     21.8     30.0      0.0     50.0
458     459.0     21.8     30.0      0.0     50.0
459     460.0     21.7     30.0      0.0     50.0
460     461.0     21.7     30.0      0.0     50.0
461     462.0     21.7     30.0      0.0     50.0
462     463.0     21.8     30.0      0.0     50.0
463     464.0     21.8     30.0      0.0     50.0
464     465.0     21.8     27.0      0.0     50.0
465     466.0     21.7     27.0      0.0     50.0
466     467.0     21.9     27.0      0.0     50.0
467     468.0     21.9     27.0      0.0     50.0
468     469.0     22.0     27.0      0.0     50.0
469     470.0     22.1     27.0      0.0     50.0
470     471.0     22.0     27.0      0.0     50.0
471     472.0     21.9     27.0      0.0     50.0
472     473.0     22.0     27.0      0.0     50.0
473     474.0     22.0     27.0      0.0     50.0
474     475.0     21.9     27.0      0.0     50.0
475     476.0     22.1     27.0      0.0     50.0
476     477.0     22.1     27.0      0.0     50.0
477     478.0     22.2     27.0      0.0     50.0
478     479.0     22.0     27.0      0.0     50.0
479     480.0     22.1     27.0      0.0     50.0
480     481.0     22.1     27.0      0.0     50.0
481     482.0     22.1     27.0      0.0     50.0
482     483.0     21.9     27.0      0.0     50.0
483     484.0     22.0     27.0      0.0     50.0
484     485.0     22.1     27.0      0.0     50.0
485     486.0     21.9     27.0      0.0     50.0
486     487.0     22.2     27.0      0.0     50.0
487     488.0     22.0     27.0      0.0     50.0
488     489.0     22.2     27.0      0.0     50.0
489     490.0     22.0     27.0      0.0     50.0
490     491.0     22.2     27.0      0.0     50.0
491     492.0     22.0     27.0      0.0     50.0
492     493.0     22.0     27.0      0.0     50.0
493     494.0     22.1     27.0      0.0     50.0
494     495.0     22.1     27.0      0.0     50.0
495     496.0     22.0     27.0      0.0     50.0
496     497.0     22.0     27.0      0.0     50.0
497     498.0     22.0     27.0      0.0     50.0
498     499.0     22.1     27.0      0.0     50.0
499     500.0     22.0     27.0      0.0     50.0
500     501.0     22.0     27.0      0.0     50.0
501     502.0     22.1     27.0      0.0     50.0
502     503.0     22.0     27.0      0.0     50.0
503     504.0     22.1     27.0      0.0     50.0
504     505.0     22.1     27.0      0.0     50.0
505     506.0     22.1     27.0      0.0     50.0
506     507.0     22.1     27.0      0.0     50.0
507     508.0     22.0     27.0      0.0     50.0
508     509.0     22.1     27.0      0.0     50.0
509     510.0     22.0     27.0      0.0     50.0
510     511.0     21.9     27.0      0.0     50.0
511     512.0     22.0     27.0      0.0     50.0
512     513.0     22.0     27.0      0.0     50.0
513     514.0     22.1     27.0      0.0     50.0
514     515.0     22.2     27.0      0.0     50.0
515     516.0     22.0     27.0      0.0     50.0
516     517.0     22.0     27.0      0.0     50.0
517     518.0     22.0     27.0      0.0     50.0
518     519.0     22.0     27.0      0.0     50.0
519     520.0     22.0     27.0      0.0     50.0
520     521.0     22.1     27.0      0.0     50.0
521     522.0     22.0     27.0      0.0     50.0
522     523.0     22.0     27.0      0.0     50.0
523     524.0     22.0     27.0      0.0     50.0
524     525.0     22.0     27.0      0.0     50.0
525     526.0     22.0     27.0      0.0     50.0
526     527.0     21.9     27.0      0.0     50.0
527     528.0     22.1     27.0      0.0     50.0
528     529.0     21.9     27.0      0.0     50.0
529     530.0     21.9     27.0      0.0     50.0
530     531.0     21.9     27.0      0.0     50.0
531     532.0     22.0     27.0      0.0     50.0
532     533.0     22.1     27.0      0.0     50.0
533     534.0     22.0     27.0      0.0     50.0
534     535.0     22.0     27.0      0.0     50.0
535     536.0     21.9     27.0      0.0     50.0
536     537.0     21.9     27.0      0.0     50.0
537     538.0     22.0     27.0      0.0     50.0
538     539.0     22.1     27.0      0.0     50.0
539     540.0     22.0     27.0      0.0     50.0
540     541.0     22.0     27.0      0.0     50.0
541     542.0     22.0     27.0      0.0     50.0
542     543.0     22.0     27.0      0.0     50.0
543     544.0     22.0     27.0      0.0     50.0
544     545.0     21.9     27.0      0.0     50.0
545     546.0     21.9     27.0      0.0     50.0
546     547.0     21.9     27.0      0.0     50.0
547     548.0     22.1     27.0      0.0     50.0
548     549.0     21.9     27.0      0.0     50.0
549     550.0     22.0     27.0      0.0     50.0
550     551.0     22.0     27.0      0.0     50.0
551     552.0     22.1     24.0      0.0     50.0
552     553.0     24.3     24.0      0.0     50.0
553     554.0     28.4     24.0      0.0     50.0
554     555.0     31.8     24.0      0.0     50.0
555     556.0     34.1     24.0      0.0     50.0
556     557.0     36.3     24.0      0.0     50.0
557     558.0     38.1     24.0      0.0     50.0
558     559.0     39.5     24.0      0.0     50.0
559     560.0     40.8     24.0      0.0     50.0
560     561.0     42.0     24.0      0.0     50.0
561     562.0     43.0     24.0      0.0     50.0
562     563.0     43.8     24.0      0.0     50.0
563     564.0     44.6     24.0      0.0     50.0
564     565.0     45.1     24.0      0.0     50.0
565     566.0     45.7     24.0      0.0     50.0
566     567.0     46.2     24.0      0.0     50.0
567     568.0     46.5     24.0      0.0     50.0
568     569.0     46.9     24.0      0.0     50.0
569     570.0     47.3     24.0      0.0     50.0
570     571.0     47.5     24.0      0.0     50.0
571     572.0     47.7     24.0      0.0     50.0
572     573.0     47.9     24.0      0.0     50.0
573     574.0     48.0     24.0      0.0     50.0
574     575.0     48.2     24.0      0.0     50.0
575     576.0     48.3     24.0      0.0     50.0
576     577.0     48.5     24.0      0.0     50.0
577     578.0     48.6     24.0      0.0     50.0
578     579.0     48.6     24.0      0.0     50.0
579     580.0     48.8     24.0      0.0     50.0
580     581.0     48.8     24.0      0.0     50.0
581     582.0     49.0     24.0      0.0     50.0
582     583.0     48.9     24.0      0.0     50.0
583     584.0     49.1     24.0      0.0     50.0
584     585.0     48.9     24.0      0.0     50.0
585     586.0     49.1     24.0      0.0     50.0
586     587.0     49.2     24.0      0.0     50.0
587     588.0     49.3     24.0      0.0     50.0
588     589.0     49.1     24.0      0.0     50.0
589     590.0     49.2     24.0      0.0     50.0
590     591.0     49.3     24.0      0.0     50.0
591     592.0     49.1     24.0      0.0     50.0
592     593.0     49.3     24.0      0.0     50.0
593     594.0     49.3     24.0      0.0     50.0
594     595.0     49.3     24.0      0.0     50.0
595     596.0     49.3     24.0      0.0     50.0
596     597.0     49.3     24.0      0.0     50.0
597     598.0     49.4     24.0      0.0     50.0
598     599.0     49.4     24.0      0.0     50.0
599     600.0     49.4     24.0      0.0     50.0
600     601.0     49.4     24.0      0.0     50.0
601     602.0     49.4     24.0      0.0     50.0
602     603.0     49.4     24.0      0.0     50.0
603     604.0     49.4     24.0      0.0     50.0
604     605.0     49.5     24.0      0.0     50.0
605     606.0     49.4     24.0      0.0     50.0
606     607.0     49.4     24.0      0.0     50.0
607     608.0     49.6     24.0      0.0     50.0
608     609.0     49.4     24.0      0.0     50.0
609     610.0     49.4     24.0      0.0     50.0
610     611.0     49.4     24.0      0.0     50.0
611     612.0     49.4     24.0      0.0     50.0
612     613.0     49.4     24.0      0.0     50.0
613     614.0     49.4     24.0      0.0     50.0
614     615.0     49.5     24.0      0.0     50.0
615     616.0     49.5     24.0      0.0     50.0
616     617.0     49.5     24.0      0.0     50.0
617     618.0     49.5     24.0      0.0     50.0
618     619.0     49.5     24.0      0.0     50.0
619     620.0     49.6     24.0      0.0     50.0
620     621.0     49.5     24.0      0.0     50.0
621     622.0     49.5     24.0      0.0     50.0
622     623.0     49.5     24.0      0.0     50.0
623     624.0     49.5     24.0      0.0     50.0
624     625.0     49.4     24.0      0.0     50.0
625     626.0     49.5     24.0      0.0     50.0
626     627.0     49.5     24.0      0.0     50.0
627     628.0     49.3     24.0      0.0     50.0
628     629.0     49.4     24.0      0.0     50.0
629     630.0     49.4     24.0      0.0     50.0
630     631.0     49.5     24.0      0.0     50.0
631     632.0     49.4     24.0      0.0     50.0
632     633.0     49.5     24.0      0.0     50.0
633     634.0     49.4     24.0      0.0     50.0
634     635.0     49.5     24.0      0.0     50.0
635     636.0     49.4     24.0      0.0     50.0
636     637.0     49.4     24.0      0.0     50.0
637     638.0     49.4     24.0      0.0     50.0
638     639.0     49.5     24.0      0.0     50.0
639     640.0     49.5     24.0      0.0     50.0
640     641.0     49.6     24.0      0.0     50.0
641     642.0     49.6     24.0      0.0     50.0
642     643.0     49.4     24.0      0.0     50.0
643     644.0     49.4     24.0      0.0     50.0
644     645.0     49.4     24.0      0.0     50.0
645     646.0     49.5     24.0      0.0     50.0
646     647.0     49.6     24.0      0.0     50.0
647     648.0     49.4     24.0      0.0     50.0
648     649.0     49.4     24.0      0.0     50.0
649     650.0     49.5     24.0      0.0     50.0
650     651.0     49.5     24.0      0.0     50.0
651     652.0     49.4     24.0      0.0     50.0
652     653.0     49.5     24.0      0.0     50.0
653     654.0     49.4     24.0      0.0     50.0
654     655.0     49.4     24.0      0.0     50.0
655     656.0     49.4     24.0      0.0     50.0
656     657.0     49.4     24.0      0.0     50.0
657     658.0     49.4     24.0      0.0     50.0
658     659.0     49.4     24.0      0.0     50.0
659     660.0     49.4     24.0      0.0     50.0
660     661.0     49.6     24.0      0.0     50.0
661     662.0     49.4     24.0      0.0     50.0
662     663.0     49.4     24.0      0.0     50.0
663     664.0     49.4     24.0      0.0     50.0
664     665.0     49.4     24.0      0.0     50.0
665     666.0     49.4     24.0      0.0     50.0
666     667.0     49.5     24.0      0.0     50.0
667     668.0     49.4     24.0      0.0     50.0
668     669.0     49.3     24.0      0.0     50.0
669     670.0     49.4     24.0      0.0     50.0
670     671.0     49.3     24.0      0.0     50.0
671     672.0     49.5     24.0      0.0     50.0
672     673.0     49.4     24.0      0.0     50.0
673     674.0     49.3     24.0      0.0     50.0
674     675.0     49.4     24.0      0.0     50.0
675     676.0     49.5     24.0      0.0     50.0
676     677.0     49.4     24.0      0.0     50.0
677     678.0     49.4     24.0      0.0     50.0
678     679.0     49.3     24.0      0.0     50.0
679     680.0     49.4     24.0      0.0     50.0
680     681.0     49.3     24.0      0.0     50.0
681     682.0     49.3     28.0      0.0     50.0
682     683.0     47.3     28.0      0.0     50.0
683     684.0     44.8     28.0      0.0     50.0
684     685.0     42.9     28.0      0.0     50.0
685     686.0     41.4     28.0      0.0     50.0
686     687.0     40.5     28.0      0.0     50.0
687     688.0     39.4     28.0      0.0     50.0
688     689.0     38.6     28.0      0.0     50.0
689     690.0     38.1     28.0      0.0     50.0
690     691.0     37.5     28.0      0.0     50.0
691     692.0     37.1     28.0      0.0     50.0
692     693.0     36.6     28.0      0.0     50.0
693     694.0     36.3     28.0      0.0     50.0
694     695.0     36.0     28.0      0.0     50.0
695     696.0     35.8     28.0      0.0     50.0
696     697.0     35.6     28.0      0.0     50.0
697     698.0     35.4     28.0      0.0     50.0
698     699.0     35.2     28.0      0.0     50.0
699     700.0     35.0     28.0      0.0     50.0
700     701.0     35.0     28.0      0.0     50.0
701     702.0     34.9     28.0      0.0     50.0
702     703.0     34.8     28.0      0.0     50.0
703     704.0     34.7     28.0      0.0     50.0
704     705.0     34.6     28.0      0.0     50.0
705     706.0     34.6     28.0      0.0     50.0
706     707.0     34.5     28.0      0.0     50.0
707     708.0     34.5     28.0      0.0     50.0
708     709.0     34.5     28.0      0.0     50.0
709     710.0     34.3     28.0      0.0     50.0
710     711.0     34.3     28.0      0.0     50.0
711     712.0     34.3     28.0      0.0     50.0
712     713.0     34.3     28.0      0.0     50.0
713     714.0     34.2     28.0      0.0     50.0
714     715.0     34.2     28.0      0.0     50.0
715     716.0     34.2     28.0      0.0     50.0
716     717.0     34.1     28.0      0.0     50.0
717     718.0     34.1     28.0      0.0     50.0
718     719.0     34.2     28.0      0.0     50.0
719     720.0     34.1     28.0      0.0     50.0
720     721.0     34.2     28.0      0.0     50.0
721     722.0     34.1     28.0      0.0     50.0
722     723.0     34.1     28.0      0.0     50.0
723     724.0     34.2     28.0      0.0     50.0
724     725.0     33.9     28.0      0.0     50.0
725     726.0     34.0     28.0      0.0     50.0
726     727.0     34.2     28.0      0.0     50.0
727     728.0     34.0     28.0      0.0     50.0
728     729.0     34.1     28.0      0.0     50.0
729     730.0     34.0     28.0      0.0     50.0
730     731.0     33.8     28.0      0.0     50.0
731     732.0     33.9     28.0      0.0     50.0
732     733.0     34.0     28.0      0.0     50.0
733     734.0     33.9     28.0      0.0     50.0
734     735.0     34.1     28.0      0.0     50.0
735     736.0     34.0     28.0      0.0     50.0
736     737.0     34.0     28.0      0.0     50.0
737     738.0     34.0     28.0      0.0     50.0
738     739.0     34.0     28.0      0.0     50.0
739     740.0     34.0     28.0      0.0     50.0
740     741.0     33.9     28.0      0.0     50.0
741     742.0     34.0     28.0      0.0     50.0
742     743.0     34.0     28.0      0.0     50.0
743     744.0     33.9     28.0      0.0     50.0
744     745.0     33.9     28.0      0.0     50.0
745     746.0     34.0     28.0      0.0     50.0
746     747.0     33.9     28.0      0.0     50.0
747     748.0     33.9     28.0      0.0     50.0
748     749.0     33.9     28.0      0.0     50.0
749     750.0     33.8     28.0      0.0     50.0
750     751.0     33.8     28.0      0.0     50.0
751     752.0     33.9     28.0      0.0     50.0
752     753.0     33.9     28.0      0.0     50.0
753     754.0     33.8     28.0      0.0     50.0
754     755.0     33.9     28.0      0.0     50.0
755     756.0     33.8     28.0      0.0     50.0
756     757.0     33.9     28.0      0.0     50.0
757     758.0     33.9     28.0      0.0     50.0
758     759.0     33.8     28.0      0.0     50.0
759     760.0     33.8     28.0      0.0     50.0
760     761.0     33.7     28.0      0.0     50.0
761     762.0     33.8     28.0      0.0     50.0
762     763.0     33.7     28.0      0.0     50.0
763     764.0     33.8     28.0      0.0     50.0
764     765.0     33.9     28.0      0.0     50.0
765     766.0     33.8     28.0      0.0     50.0
766     767.0     33.8     28.0      0.0     50.0
767     768.0     33.7     28.0      0.0     50.0
768     769.0     33.9     28.0      0.0     50.0
769     770.0     33.7     28.0      0.0     50.0
770     771.0     33.7     28.0      0.0     50.0
771     772.0     33.8     28.0      0.0     50.0
772     773.0     33.7     28.0      0.0     50.0
773     774.0     33.7     28.0      0.0     50.0
774     775.0     33.8     28.0      0.0     50.0
775     776.0     33.7     28.0      0.0     50.0
776     777.0     33.7     28.0      0.0     50.0
777     778.0     33.7     28.0      0.0     50.0
778     779.0     33.8     28.0      0.0     50.0
779     780.0     33.7     28.0      0.0     50.0
780     781.0     33.8     28.0      0.0     50.0
781     782.0     33.8     28.0      0.0     50.0
782     783.0     33.8     28.0      0.0     50.0
783     784.0     33.7     28.0      0.0     50.0
784     785.0     33.7     28.0      0.0     50.0
785     786.0     33.6     28.0      0.0     50.0
786     787.0     33.7     28.0      0.0     50.0
787     788.0     33.6     28.0      0.0     50.0
788     789.0     33.7     28.0      0.0     50.0
789     790.0     33.6     28.0      0.0     50.0
790     791.0     33.6     28.0      0.0     50.0
791     792.0     33.6     28.0      0.0     50.0
792     793.0     33.6     28.0      0.0     50.0
793     794.0     33.6     28.0      0.0     50.0
794     795.0     33.7     28.0      0.0     50.0
795     796.0     33.5     28.0      0.0     50.0
796     797.0     33.5     28.0      0.0     50.0
797     798.0     33.6     28.0      0.0     50.0
798     799.0     33.6     28.0      0.0     50.0
799     800.0     33.5     28.0      0.0     50.0


800     801.0     33.6     28.0      0.0     50.0
801     802.0     33.6     28.0      0.0     50.0
802     803.0     33.5     28.0      0.0     50.0
803     804.0     33.5     28.0      0.0     50.0
804     805.0     33.6     28.0      0.0     50.0
805     806.0     33.6     28.0      0.0     50.0
806     807.0     33.6     28.0      0.0     50.0
807     808.0     33.6     28.0      0.0     50.0
808     809.0     33.6     28.0      0.0     50.0
809     810.0     33.5     28.0      0.0     50.0
810     811.0     33.5     28.0      0.0     50.0
811     812.0     33.4     28.0      0.0     50.0
812     813.0     33.5     28.0      0.0     50.0
813     814.0     33.5     28.0      0.0     50.0
814     815.0     33.4     28.0      0.0     50.0
815     816.0     33.4     28.0      0.0     50.0
816     817.0     33.5     28.0      0.0     50.0
817     818.0     33.5     28.0      0.0     50.0
818     819.0     33.5     28.0      0.0     50.0
819     820.0     33.3     28.0      0.0     50.0
820     821.0     33.4     28.0      0.0     50.0
821     822.0     33.5     28.0      0.0     50.0
822     823.0     33.5     28.0      0.0     50.0
823     824.0     33.6     28.0      0.0     50.0
824     825.0     33.5     28.0      0.0     50.0
825     826.0     33.5     28.0      0.0     50.0
826     827.0     33.4     28.0      0.0     50.0
827     828.0     33.4     28.0      0.0     50.0
828     829.0     33.4     28.0      0.0     50.0
829     830.0     33.5     28.0      0.0     50.0
830     831.0     33.5     28.0      0.0     50.0
831     832.0     33.4     28.0      0.0     50.0
832     833.0     33.3     28.0      0.0     50.0
833     834.0     33.3     28.0      0.0     50.0
834     835.0     33.6     28.0      0.0     50.0
835     836.0     33.5     28.0      0.0     50.0
836     837.0     33.4     28.0      0.0     50.0
837     838.0     33.5     28.0      0.0     50.0
838     839.0     33.4     28.0      0.0     50.0
839     840.0     33.3     28.0      0.0     50.0
840     841.0     33.5     28.0      0.0     50.0
841     842.0     33.4     28.0      0.0     50.0
842     843.0     33.4     28.0      0.0     50.0
843     844.0     33.4     28.0      0.0     50.0
844     845.0     33.3     28.0      0.0     50.0
845     846.0     33.3     28.0      0.0     50.0
846     847.0     33.5     28.0      0.0     50.0
847     848.0     33.4     28.0      0.0     50.0
848     849.0     33.4     28.0      0.0     50.0
849     850.0     33.4     28.0      0.0     50.0
850     851.0     33.3     28.0      0.0     50.0
851     852.0     33.4     28.0      0.0     50.0
852     853.0     33.3     28.0      0.0     50.0
853     854.0     33.3     28.0      0.0     50.0
854     855.0     33.3     28.0      0.0     50.0
855     856.0     33.2     28.0      0.0     50.0
856     857.0     33.3     28.0      0.0     50.0
857     858.0     33.3     28.0      0.0     50.0
858     859.0     33.3     28.0      0.0     50.0
859     860.0     33.3     28.0      0.0     50.0
860     861.0     33.2     28.0      0.0     50.0
861     862.0     33.3     28.0      0.0     50.0
862     863.0     33.3     28.0      0.0     50.0
863     864.0     33.2     28.0      0.0     50.0
864     865.0     33.4     28.0      0.0     50.0
865     866.0     33.3     28.0      0.0     50.0
866     867.0     33.4     28.0      0.0     50.0
867     868.0     33.2     28.0      0.0     50.0
868     869.0     33.2     28.0      0.0     50.0
869     870.0     33.4     28.0      0.0     50.0
870     871.0     33.3     28.0      0.0     50.0
871     872.0     33.1     28.0      0.0     50.0
872     873.0     33.2     28.0      0.0     50.0
873     874.0     33.2     28.0      0.0     50.0
874     875.0     33.2     28.0      0.0     50.0
875     876.0     33.2     28.0      0.0     50.0
876     877.0     33.3     28.0      0.0     50.0
877     878.0     33.2     28.0      0.0     50.0
878     879.0     33.3     28.0      0.0     50.0
879     880.0     33.3     28.0      0.0     50.0
880     881.0     33.1     28.0      0.0     50.0
881     882.0     33.1     28.0      0.0     50.0
882     883.0     33.2     28.0      0.0     50.0
883     884.0     33.2     28.0      0.0     50.0
884     885.0     33.3     28.0      0.0     50.0
885     886.0     33.3     28.0      0.0     50.0
886     887.0     33.2     28.0      0.0     50.0
887     888.0     33.3     28.0      0.0     50.0
888     889.0     33.2     28.0      0.0     50.0
889     890.0     33.2     28.0      0.0     50.0
890     891.0     33.2     28.0      0.0     50.0
891     892.0     33.2     28.0      0.0     50.0
892     893.0     33.2     28.0      0.0     50.0
893     894.0     33.2     28.0      0.0     50.0
894     895.0     33.2     28.0      0.0     50.0
895     896.0     33.3     28.0      0.0     50.0
896     897.0     33.2     28.0      0.0     50.0
897     898.0     33.1     28.0      0.0     50.0
898     899.0     33.2     28.0      0.0     50.0
899     900.0     33.2     28.0      0.0     50.0
900     901.0     33.1     28.0      0.0     50.0
901     902.0     33.3     28.0      0.0     50.0
902     903.0     33.3     28.0      0.0     50.0
903     904.0     33.2     28.0      0.0     50.0
904     905.0     33.1     28.0      0.0     50.0
905     906.0     33.2     28.0      0.0     50.0
906     907.0     33.2     28.0      0.0     50.0
907     908.0     33.1     28.0      0.0     50.0
908     909.0     33.1     28.0      0.0     50.0
909     910.0     33.2     28.0      0.0     50.0
910     911.0     33.1     28.0      0.0     50.0
911     912.0     33.2     28.0      0.0     50.0
912     913.0     33.1     28.0      0.0     50.0
913     914.0     33.2     28.0      0.0     50.0
914     915.0     33.0     28.0      0.0     50.0
915     916.0     33.2     28.0      0.0     50.0
916     917.0     33.1     28.0      0.0     50.0
917     918.0     33.1     28.0      0.0     50.0
918     919.0     33.2     28.0      0.0     50.0
919     920.0     33.0     28.0      0.0     50.0
920     921.0     33.3     28.0      0.0     50.0
921     922.0     33.2     28.0      0.0     50.0
922     923.0     33.2     28.0      0.0     50.0
923     924.0     33.0     28.0      0.0     50.0
924     925.0     33.2     28.0      0.0     50.0
925     926.0     33.2     28.0      0.0     50.0
926     927.0     33.1     28.0      0.0     50.0
927     928.0     33.2     28.0      0.0     50.0
928     929.0     33.2     28.0      0.0     50.0
929     930.0     33.1     28.0      0.0     50.0
930     931.0     33.3     28.0      0.0     50.0
931     932.0     33.2     28.0      0.0     50.0
932     933.0     33.2     28.0      0.0     50.0
933     934.0     33.2     28.0      0.0     50.0
934     935.0     33.1     28.0      0.0     50.0
935     936.0     33.1     28.0      0.0     50.0
936     937.0     33.2     28.0      0.0     50.0
937     938.0     33.2     28.0      0.0     50.0
938     939.0     33.2     28.0      0.0     50.0
939     940.0     33.2     28.0      0.0     50.0
940     941.0     33.2     28.0      0.0     50.0
941     942.0     33.1     28.0      0.0     50.0
942     943.0     33.1     28.0      0.0     50.0
943     944.0     33.2     28.0      0.0     50.0
944     945.0     33.1     28.0      0.0     50.0
945     946.0     33.1     28.0      0.0     50.0
946     947.0     33.2     28.0      0.0     50.0
947     948.0     33.1     28.0      0.0     50.0
948     949.0     33.2     28.0      0.0     50.0
949     950.0     33.0     28.0      0.0     50.0
950     951.0     33.1     28.0      0.0     50.0
951     952.0     33.1     28.0      0.0     50.0
952     953.0     33.1     28.0      0.0     50.0
953     954.0     33.1     28.0      0.0     50.0
954     955.0     33.2     28.0      0.0     50.0
955     956.0     33.0     28.0      0.0     50.0
956     957.0     33.1     28.0      0.0     50.0
957     958.0     33.1     28.0      0.0     50.0
958     959.0     33.1     28.0      0.0     50.0
959     960.0     32.9     28.0      0.0     50.0
960     961.0     33.1     28.0      0.0     50.0
961     962.0     33.2     28.0      0.0     50.0
962     963.0     33.1     28.0      0.0     50.0
963     964.0     33.1     28.0      0.0     50.0
964     965.0     33.1     28.0      0.0     50.0
965     966.0     33.1     28.0      0.0     50.0
966     967.0     33.0     28.0      0.0     50.0
967     968.0     33.1     28.0      0.0     50.0
968     969.0     33.1     28.0      0.0     50.0
969     970.0     33.1     28.0      0.0     50.0
970     971.0     33.2     28.0      0.0     50.0


